4750 1900 4500
4750 1940 4500
4750 1980 4500
4750 2020 4500
4750 2060 4500
4750 2100 4500
4750 2140 4500
4750 2180 4500
4750 2220 4500
4750 2260 4500
4750 2300 4500
4750 2800 4500
4750 3300 4500
4750 3800 4500
4750 4300 4500
4750 4500 4500
4750 4540 4500
4750 4580 4500
4750 4620 4500
4750 4660 4500
4750 4700 4500
4750 4740 4500
4750 4780 4500
4750 4820 4500
4750 4860 4500
4750 4900 4500
4750 2300 4500
4750 2340 4500
4750 2380 4500
4750 2420 4500
4750 2460 4500
4750 2500 4500
4750 2540 4500
4750 2580 4500
4750 2620 4500
4750 2660 4500
4750 2700 4500
4750 1800 4500
4750 1820 4500
4750 1840 4500
4750 1860 4500
4750 1880 4500
4750 1900 4500
4750 1920 4500
4750 1940 4500
4750 1960 4500
4750 1980 4500
4750 2000 4500

