   0.100E+00   0.100E+00  -0.207E+00   0.422E-01 
   0.100E+00   0.100E+00  -0.207E+00   0.416E-01 
   0.100E+00   0.100E+00  -0.205E+00   0.359E-01 
   0.100E+00   0.100E+00  -0.184E+00   0.402E-01 
   0.100E+00   0.100E+00  -0.129E+00   0.277E-01 
   0.100E+00   0.100E+00  -0.115E+00   0.247E-01 
   0.100E+00   0.100E+00  -0.115E+00   0.265E-01 
   0.999E-01   0.100E+00  -0.115E+00   0.269E-01 
   0.999E-01   0.100E+00  -0.115E+00   0.275E-01 
   0.999E-01   0.100E+00  -0.115E+00   0.273E-01 
   0.100E+00   0.100E+00  -0.115E+00   0.283E-01 
   0.100E+00   0.100E+00  -0.115E+00   0.253E-01 
   0.100E+00   0.100E+00  -0.115E+00   0.261E-01 
   0.100E+00   0.100E+00  -0.115E+00   0.276E-01 
   0.100E+00   0.100E+00  -0.115E+00   0.259E-01 
   0.100E+00   0.100E+00  -0.115E+00   0.253E-01 
   0.100E+00   0.100E+00  -0.115E+00   0.275E-01 
   0.100E+00   0.100E+00  -0.115E+00   0.247E-01 
   0.100E+00   0.100E+00  -0.115E+00   0.264E-01 
   0.100E+00   0.100E+00  -0.105E+00   0.251E-01 
   0.100E+00   0.100E+00  -0.812E-01   0.209E-01 
   0.100E+00   0.100E+00  -0.498E-01   0.191E-01 
   0.100E+00   0.999E-01   0.113E-01   0.156E-01 
   0.100E+00   0.999E-01   0.113E-01   0.161E-01 
   0.100E+00   0.998E-01   0.113E-01   0.166E-01 
   0.100E+00   0.998E-01   0.113E-01   0.178E-01 
   0.100E+00   0.997E-01   0.113E-01   0.160E-01 
   0.100E+00   0.997E-01   0.113E-01   0.160E-01 
   0.100E+00   0.996E-01   0.113E-01   0.167E-01 
   0.100E+00   0.995E-01   0.113E-01   0.202E-01 
   0.100E+00   0.995E-01   0.112E-01   0.173E-01 
   0.100E+00   0.994E-01   0.112E-01   0.179E-01 
   0.100E+00   0.994E-01   0.112E-01   0.167E-01 
   0.100E+00   0.993E-01   0.112E-01   0.151E-01 
   0.100E+00   0.993E-01   0.112E-01   0.160E-01 
   0.100E+00   0.992E-01   0.112E-01   0.178E-01 
   0.100E+00   0.991E-01   0.112E-01   0.166E-01 
   0.100E+00   0.991E-01   0.112E-01   0.166E-01 
   0.100E+00   0.990E-01   0.112E-01   0.157E-01 
   0.100E+00   0.990E-01   0.112E-01   0.157E-01 
   0.100E+00   0.989E-01   0.112E-01   0.154E-01 
   0.100E+00   0.100E+00   0.113E-01   0.163E-01 
   0.999E-01   0.100E+00   0.114E-01   0.162E-01 
   0.999E-01   0.100E+00   0.114E-01   0.156E-01 
   0.999E-01   0.999E-01   0.115E-01   0.165E-01 
   0.998E-01   0.999E-01   0.115E-01   0.164E-01 
   0.998E-01   0.999E-01   0.115E-01   0.178E-01 
   0.100E+00   0.100E+00   0.612E-01   0.198E-01 
   0.100E+00   0.100E+00   0.612E-01   0.183E-01 
   0.100E+00   0.100E+00   0.612E-01   0.188E-01 
   0.999E-01   0.999E-01   0.612E-01   0.203E-01 
   0.999E-01   0.999E-01   0.612E-01   0.213E-01 
   0.998E-01   0.998E-01   0.612E-01   0.184E-01 
   0.998E-01   0.998E-01   0.612E-01   0.201E-01 
   0.998E-01   0.997E-01   0.613E-01   0.191E-01 
   0.997E-01   0.997E-01   0.613E-01   0.199E-01 
   0.997E-01   0.996E-01   0.613E-01   0.178E-01 
   0.100E+00   0.100E+00   0.867E-01   0.203E-01 
   0.100E+00   0.100E+00   0.874E-01   0.216E-01 
   0.100E+00   0.100E+00   0.119E+00   0.275E-01 
   0.100E+00   0.100E+00   0.205E+00   0.392E-01 
   0.100E+00   0.100E+00   0.205E+00   0.404E-01 
   0.100E+00   0.100E+00   0.205E+00   0.420E-01 
   0.100E+00   0.100E+00   0.205E+00   0.403E-01 
   0.100E+00   0.100E+00   0.205E+00   0.417E-01 
   0.100E+00   0.100E+00   0.205E+00   0.415E-01 
   0.100E+00   0.100E+00   0.205E+00   0.409E-01 
   0.100E+00   0.100E+00   0.205E+00   0.365E-01 
   0.100E+00   0.100E+00   0.205E+00   0.415E-01 
   0.100E+00   0.100E+00   0.205E+00   0.435E-01 
   0.100E+00   0.100E+00   0.205E+00   0.409E-01 
   0.100E+00   0.100E+00   0.236E+00   0.468E-01 
   0.100E+00   0.100E+00   0.242E+00   0.486E-01 
